CPU: 1.95498 Flow: 6740
CPU: 0.016939 Flow: 159
CPU: 0.595206 Flow: 3193
